
Medida 1 em 2018-12-26 09:15:11.932027
0
0.335878849029541
0.3118741512298584
0.29581665992736816
0.3122742176055908
0.2803232669830322
0.27962708473205566
0.279965877532959
0.24808359146118164
0.21594738960266113
0.18398833274841309
0.15168166160583496
0.16815185546875
0.16792035102844238
0.16030406951904297
0.16800808906555176
0.1519639492034912
0.1519765853881836
0.35204625129699707
0.16797161102294922
0.1837167739868164
0.18425583839416504
0.1440739631652832

Medida 1 em 2018-12-26 09:17:35.150087
0
0.14327120780944824
0.15204763412475586
0.15210962295532227
0.17593717575073242
0.16791605949401855
0.16012811660766602
0.1596536636352539
0.17636895179748535
0.17583107948303223
0.19216156005859375
0.19988346099853516
0.1920022964477539
0.17610716819763184

Medida 1 em 2018-12-26 09:20:49.972370
0
0.14327120780944824
0.15204763412475586
0.15210962295532227
0.17593717575073242
0.16791605949401855
0.16012811660766602
0.1596536636352539
0.17636895179748535
0.17583107948303223
0.19216156005859375
0.19988346099853516
0.1920022964477539
0.17610716819763184

Medida 1 em 2018-12-26 09:21:18.051902
0
0.14327120780944824
0.15204763412475586
0.15210962295532227
0.17593717575073242
0.16791605949401855
0.16012811660766602
0.1596536636352539
0.17636895179748535
0.17583107948303223
0.19216156005859375
0.19988346099853516
0.1920022964477539
0.17610716819763184
